name: tsir
channels:
  - conda-forge
  - defaults
dependencies:
  - blas=1.0=mkl
  - bzip2=1.0.8=hcfcfb64_5
  - ca-certificates=2024.7.2=haa95532_0
  - cycler=0.12.1=pyhd8ed1ab_0
  - et_xmlfile=1.1.0=py38haa95532_0
  - freetype=2.12.1=hdaf720e_2
  - gettext=0.22.5=h5728263_2
  - gettext-tools=0.22.5=h7d00a51_2
  - glib=2.80.2=h0df6a38_0
  - glib-tools=2.80.2=h2f9d560_0
  - gst-plugins-base=1.21.3=h001b923_1
  - gstreamer=1.21.3=h6b5321d_1
  - icc_rt=2022.1.0=h6049295_2
  - icu=70.1=h0e60522_0
  - intel-openmp=2024.1.0=h57928b3_966
  - joblib=1.4.2=pyhd8ed1ab_0
  - jpeg=9e=hcfcfb64_3
  - kiwisolver=1.4.5=py38hb1fd069_1
  - krb5=1.20.1=h6609f42_0
  - libasprintf=0.22.5=h5728263_2
  - libasprintf-devel=0.22.5=h5728263_2
  - libblas=3.9.0=8_mkl
  - libcblas=3.9.0=8_mkl
  - libclang=15.0.7=default_h3a3e6c3_5
  - libclang13=15.0.7=default_hf64faad_5
  - libffi=3.4.2=h8ffe710_5
  - libgettextpo=0.22.5=h5728263_2
  - libgettextpo-devel=0.22.5=h5728263_2
  - libglib=2.80.2=h0df6a38_0
  - libiconv=1.17=hcfcfb64_2
  - libintl=0.22.5=h5728263_2
  - libintl-devel=0.22.5=h5728263_2
  - liblapack=3.9.0=8_mkl
  - libogg=1.3.4=h8ffe710_1
  - libpng=1.6.43=h19919ed_0
  - libsqlite=3.46.0=h2466b09_0
  - libvorbis=1.3.7=h0e60522_0
  - libxml2=2.12.7=h283a6d9_1
  - libzlib=1.2.13=h2466b09_6
  - matplotlib=3.2.2=1
  - matplotlib-base=3.2.2=py38hbe5506b_1
  - mkl=2020.4=hb70f87d_311
  - mkl-service=2.3.0=py38h1e8a9f7_2
  - numpy=1.18.5=py38h72c728b_0
  - openpyxl=3.1.2=py38h2bbff1b_0
  - openssl=1.1.1w=h2bbff1b_0
  - packaging=24.1=pyhd8ed1ab_0
  - pandas=1.2.4=py38hf11a4ad_0
  - pcre2=10.43=h17e33f8_0
  - pip=24.0=pyhd8ed1ab_0
  - ply=3.11=pyhd8ed1ab_2
  - pyparsing=3.1.2=pyhd8ed1ab_0
  - pyqt=5.15.7=py38hd6c051e_3
  - pyqt5-sip=12.11.0=py38hd3f51b4_3
  - pyreadstat=1.2.7=py38h84023d3_0
  - python=3.8.3=cpython_h5fd99cc_0
  - python-dateutil=2.9.0=pyhd8ed1ab_0
  - python_abi=3.8=2_cp38
  - pytz=2024.1=pyhd8ed1ab_0
  - qt-main=5.15.6=h068e40c_6
  - scikit-learn=0.23.1=py38ha1d60b4_0
  - scipy=1.5.0=py38h9439919_0
  - setuptools=59.8.0=py38haa244fe_1
  - sip=6.7.12=py38hd3f51b4_0
  - six=1.16.0=pyh6c4a22f_0
  - sqlite=3.46.0=h2466b09_0
  - threadpoolctl=3.5.0=pyhc1e730c_0
  - toml=0.10.2=pyhd8ed1ab_0
  - tomli=2.0.1=pyhd8ed1ab_0
  - tornado=6.4.1=py38h4cb3324_0
  - ucrt=10.0.22621.0=h57928b3_0
  - vc=14.3=h8a93ad2_20
  - vc14_runtime=14.40.33810=ha82c5b3_20
  - vs2015_runtime=14.40.33810=h3bf8584_20
  - wheel=0.43.0=pyhd8ed1ab_1
  - xlrd=2.0.1=pyhd3eb1b0_1
  - zlib=1.2.13=h2466b09_6
  - zstd=1.5.6=h0ea2cb4_0
prefix: C:\Users\niketth\.conda\envs\tsir
